600 432
P 12 396 12 24
E 588 300 12 24
E 588 204 12 24
E 588 108 12 24
E 588 12 12 24
W 60 420 24 21
W 84 420 24 21
W 108 420 24 21
W 132 420 24 21
W 156 420 24 21
W 12 420 24 21
W 36 420 24 21
W 180 420 24 21
W 204 420 24 21
W 228 420 24 21
W 252 420 24 21
W 276 420 24 21
W 300 420 24 21
W 324 420 24 21
W 348 420 24 21
W 372 420 24 21
W 396 420 24 21
W 420 420 24 21
W 444 420 24 21
W 468 420 24 21
W 492 420 24 21
W 516 420 24 21
W 540 420 24 21
W 564 420 24 21
W 588 420 24 21
W 12 324 24 21
W 36 324 24 21
W 60 324 24 21
W 84 324 24 21
W 156 324 24 21
W 180 324 24 21
W 204 324 24 21
W 300 324 24 21
W 324 324 24 21
W 492 324 24 21
W 516 324 24 21
W 420 324 24 21
W 396 324 24 21
W 372 324 24 21
W 276 324 24 21
W 252 324 24 21
W 132 324 24 21
W 444 324 24 21
W 540 324 24 21
W 564 324 24 21
W 12 228 24 21
W 36 228 24 21
W 84 228 24 21
W 108 228 24 21
W 132 228 24 21
W 156 228 24 21
W 204 228 24 21
W 228 228 24 21
W 252 228 24 21
W 276 228 24 21
W 324 228 24 21
W 348 228 24 21
W 372 228 24 21
W 396 228 24 21
W 444 228 24 21
W 468 228 24 21
W 492 228 24 21
W 564 228 24 21
W 588 228 24 21
W 516 228 24 21
W 36 132 24 21
W 60 132 24 21
W 84 132 24 21
W 108 132 24 21
W 156 132 24 21
W 180 132 24 21
W 204 132 24 21
W 228 132 24 21
W 276 132 24 21
W 300 132 24 21
W 324 132 24 21
W 348 132 24 21
W 396 132 24 21
W 420 132 24 21
W 444 132 24 21
W 468 132 24 21
W 516 132 24 21
W 540 132 24 21
W 564 132 24 21
W 588 132 24 21
W 12 36 24 21
W 36 36 24 21
W 60 36 24 21
W 228 36 24 21
W 252 36 24 21
W 276 36 24 21
W 420 36 24 21
W 468 36 24 21
W 492 36 24 21
W 516 36 24 21
W 540 36 24 21
W 588 36 24 21
W 396 36 24 21
W 300 36 24 21
W 348 36 24 21
W 372 36 24 21
W 108 36 24 21
W 132 36 24 21
W 156 36 24 21
W 180 36 24 21
G 12 20 9 9
G 36 20 9 9
G 60 20 9 9
G 84 20 9 9
G 108 20 9 9
G 132 20 9 9
G 156 20 9 9
G 180 20 9 9
G 204 20 9 9
G 228 20 9 9
G 252 20 9 9
G 276 20 9 9
G 300 20 9 9
G 324 20 9 9
G 348 20 9 9
G 372 20 9 9
G 396 20 9 9
G 420 20 9 9
G 444 20 9 9
G 468 20 9 9
G 492 20 9 9
G 516 20 9 9
G 540 20 9 9
G 564 404 9 9
G 12 308 9 9
G 564 212 9 9
G 36 116 9 9
L 108 324 12 24
L 108 348 12 24
L 108 372 12 24
L 108 396 12 24
L 228 324 12 24
L 228 372 12 24
L 228 348 12 24
L 228 396 12 24
L 348 324 12 24
L 348 348 12 24
L 348 372 12 24
L 348 396 12 24
L 468 372 12 24
L 468 396 12 24
L 468 324 12 24
L 468 348 12 24
L 588 324 12 24
L 588 348 12 24
L 588 372 12 24
L 588 396 12 24
L 60 300 12 24
L 60 228 12 24
L 60 252 12 24
L 60 276 12 24
L 180 228 12 24
L 180 252 12 24
L 180 276 12 24
L 180 300 12 24
L 300 228 12 24
L 300 252 12 24
L 300 276 12 24
L 300 300 12 24
L 420 228 12 24
L 420 252 12 24
L 420 276 12 24
L 420 300 12 24
L 540 228 12 24
L 540 252 12 24
L 540 276 12 24
L 540 300 12 24
L 492 204 12 24
L 492 156 12 24
L 492 180 12 24
L 492 132 12 24
L 372 204 12 24
L 372 156 12 24
L 372 180 12 24
L 372 132 12 24
L 252 204 12 24
L 252 156 12 24
L 252 180 12 24
L 252 132 12 24
L 132 204 12 24
L 132 180 12 24
L 132 156 12 24
L 132 132 12 24
L 12 132 12 24
L 12 156 12 24
L 12 180 12 24
L 12 204 12 24
L 84 108 12 24
L 84 84 12 24
L 84 60 12 24
L 84 36 12 24
L 204 108 12 24
L 204 84 12 24
L 204 60 12 24
L 204 36 12 24
L 324 108 12 24
L 324 84 12 24
L 324 60 12 24
L 444 108 12 24
L 444 84 12 24
L 444 60 12 24
L 444 36 12 24
L 564 108 12 24
L 564 84 12 24
L 564 60 12 24
L 564 36 12 24
L 324 36 12 24
