672 384
P 12 348 12 24
B 396 172 24 3
B 420 172 24 3
B 444 172 24 3
B 468 172 24 3
B 252 124 24 3
B 276 124 24 3
B 636 28 24 3
B 612 28 24 3
B 588 28 24 3
B 564 28 24 3
B 540 28 24 3
B 516 28 24 3
B 492 28 24 3
B 468 28 24 3
B 444 28 24 3
B 420 28 24 3
B 396 28 24 3
B 372 28 24 3
B 300 28 24 3
B 36 28 24 3
B 276 28 24 3
B 252 28 24 3
B 180 28 24 3
B 156 28 24 3
B 132 28 24 3
B 108 28 24 3
B 84 28 24 3
B 12 28 24 3
B 348 28 24 3
B 324 28 24 3
B 60 28 24 3
B 60 76 24 3
B 252 76 24 3
B 348 76 24 3
B 444 76 24 3
B 540 76 24 3
B 228 28 24 3
B 204 28 24 3
B 156 76 24 3
E 180 300 12 24
E 420 252 12 24
E 324 300 12 24
E 420 348 12 24
E 252 252 12 24
E 588 228 12 24
E 12 180 12 24
E 132 204 12 24
E 492 324 12 24
E 60 60 12 24
E 84 60 12 24
E 204 60 12 24
E 228 60 12 24
E 252 60 12 24
E 276 60 12 24
E 300 60 12 24
E 324 60 12 24
E 348 60 12 24
E 372 60 12 24
E 396 60 12 24
E 420 60 12 24
E 444 60 12 24
E 468 60 12 24
E 492 60 12 24
E 516 60 12 24
E 540 60 12 24
E 564 60 12 24
E 588 60 12 24
E 108 60 12 24
E 132 60 12 24
E 156 60 12 24
E 180 60 12 24
F 36 348 24 21
F 60 348 24 21
F 108 324 24 21
F 132 324 24 21
F 132 348 24 21
F 60 300 24 21
F 60 252 24 21
F 108 252 24 21
F 156 348 24 21
F 180 348 24 21
F 204 348 24 21
F 228 348 24 21
F 252 348 24 21
F 300 348 24 21
F 348 300 24 21
F 348 324 24 21
F 348 348 24 21
F 324 348 24 21
F 372 348 24 21
F 180 276 24 21
F 156 252 24 21
F 180 252 24 21
F 108 156 24 21
F 132 156 24 21
F 180 228 24 21
F 156 156 24 21
F 180 156 24 21
F 252 300 24 21
F 300 276 24 21
F 276 276 24 21
F 324 276 24 21
F 252 204 24 21
F 204 204 24 21
F 228 204 24 21
F 300 180 24 21
F 324 180 24 21
F 348 180 24 21
F 348 204 24 21
F 348 228 24 21
F 372 228 24 21
F 420 228 24 21
F 420 204 24 21
F 204 156 24 21
F 228 156 24 21
F 228 132 24 21
F 444 204 24 21
F 468 204 24 21
F 516 156 24 21
F 540 156 24 21
F 564 156 24 21
F 588 156 24 21
F 588 180 24 21
F 588 204 24 21
F 468 228 24 21
F 468 252 24 21
F 492 252 24 21
F 516 252 24 21
F 540 252 24 21
F 540 276 24 21
F 564 276 24 21
F 588 276 24 21
F 612 276 24 21
F 612 204 24 21
F 612 228 24 21
F 612 252 24 21
F 444 348 24 21
F 468 348 24 21
F 492 348 24 21
F 516 348 24 21
F 540 348 24 21
W 300 372 24 21
W 12 372 24 21
W 36 372 24 21
W 60 372 24 21
W 180 372 24 21
W 204 372 24 21
W 228 372 24 21
W 252 372 24 21
W 276 372 24 21
W 348 372 24 21
W 372 372 24 21
W 396 372 24 21
W 420 372 24 21
W 444 372 24 21
W 468 372 24 21
W 492 372 24 21
W 540 372 24 21
W 564 372 24 21
W 588 372 24 21
W 612 372 24 21
W 636 372 24 21
W 660 372 24 21
W 612 300 24 21
W 612 324 24 21
W 612 348 24 21
W 588 348 24 21
W 156 372 24 21
W 132 372 24 21
W 108 372 24 21
W 84 372 24 21
W 36 324 24 21
W 12 324 24 21
W 12 252 24 21
W 588 252 24 21
W 564 252 24 21
W 372 252 24 21
W 228 252 24 21
W 12 276 24 21
W 12 300 24 21
W 60 276 24 21
W 60 324 24 21
W 84 276 24 21
W 108 348 24 21
W 156 324 24 21
W 108 276 24 21
W 108 300 24 21
W 132 300 24 21
W 156 300 24 21
W 204 300 24 21
W 204 276 24 21
W 180 324 24 21
W 204 324 24 21
W 228 276 24 21
W 252 276 24 21
W 252 324 24 21
W 300 300 24 21
W 300 324 24 21
W 324 372 24 21
W 348 276 24 21
W 372 276 24 21
W 372 300 24 21
W 372 324 24 21
W 396 252 24 21
W 396 324 24 21
W 420 276 24 21
W 420 300 24 21
W 444 252 24 21
W 468 276 24 21
W 444 276 24 21
W 420 324 24 21
W 468 300 24 21
W 516 276 24 21
W 516 300 24 21
W 468 324 24 21
W 516 324 24 21
W 588 324 24 21
W 588 300 24 21
W 540 300 24 21
W 540 324 24 21
W 276 252 24 21
W 36 228 24 21
W 60 228 24 21
W 108 228 24 21
W 156 228 24 21
W 228 228 24 21
W 252 228 24 21
W 276 228 24 21
W 300 228 24 21
W 300 252 24 21
W 348 252 24 21
W 444 228 24 21
W 492 228 24 21
W 516 228 24 21
W 540 228 24 21
W 564 228 24 21
W 396 348 24 21
W 324 324 24 21
W 12 204 24 21
W 36 204 24 21
W 60 204 24 21
W 108 204 24 21
W 156 204 24 21
W 372 204 24 21
W 516 204 24 21
W 540 204 24 21
W 564 204 24 21
W 12 156 24 21
W 36 156 24 21
W 36 180 24 21
W 60 180 24 21
W 108 180 24 21
W 132 180 24 21
W 156 180 24 21
W 204 180 24 21
W 228 180 24 21
W 252 180 24 21
W 60 156 24 21
W 300 156 24 21
W 324 156 24 21
W 348 156 24 21
W 372 156 24 21
W 420 156 24 21
W 396 156 24 21
W 444 156 24 21
W 468 156 24 21
W 516 180 24 21
W 540 180 24 21
W 564 180 24 21
W 156 276 24 21
W 132 228 24 21
W 204 252 24 21
W 12 132 24 21
W 36 132 24 21
W 60 132 24 21
W 84 132 24 21
W 108 132 24 21
W 204 132 24 21
W 180 132 24 21
W 132 132 24 21
W 156 132 24 21
W 300 132 24 21
W 324 132 24 21
W 348 132 24 21
W 372 132 24 21
W 396 132 24 21
W 420 132 24 21
W 444 132 24 21
W 468 132 24 21
W 492 132 24 21
W 588 132 24 21
W 564 132 24 21
W 540 132 24 21
W 516 132 24 21
W 276 156 24 21
W 252 156 24 21
W 324 228 24 21
W 324 252 24 21
W 204 228 24 21
W 324 204 24 21
W 300 204 24 21
W 372 180 24 21
W 444 300 24 21
W 660 348 24 21
W 660 324 24 21
W 660 300 24 21
W 660 276 24 21
W 660 252 24 21
W 660 228 24 21
W 660 132 24 21
W 660 156 24 21
W 660 180 24 21
W 660 204 24 21
W 516 372 24 21
W 36 108 24 21
W 60 108 24 21
W 228 108 24 21
W 252 108 24 21
W 276 108 24 21
W 300 108 24 21
W 324 108 24 21
W 612 132 24 21
W 660 108 24 21
W 348 108 24 21
W 372 108 24 21
W 396 108 24 21
W 420 108 24 21
W 444 108 24 21
W 468 108 24 21
W 492 108 24 21
W 516 108 24 21
W 540 108 24 21
W 564 108 24 21
W 588 108 24 21
W 612 108 24 21
W 12 12 24 21
W 36 12 24 21
W 60 12 24 21
W 84 12 24 21
W 108 12 24 21
W 132 12 24 21
W 156 12 24 21
W 180 12 24 21
W 204 12 24 21
W 228 12 24 21
W 252 12 24 21
W 276 12 24 21
W 300 12 24 21
W 324 12 24 21
W 348 12 24 21
W 372 12 24 21
W 396 12 24 21
W 420 12 24 21
W 444 12 24 21
W 468 12 24 21
W 492 12 24 21
W 516 12 24 21
W 540 12 24 21
W 564 12 24 21
W 588 12 24 21
W 612 12 24 21
W 636 12 24 21
W 660 12 24 21
W 660 60 24 21
W 660 84 24 21
W 612 156 24 21
W 612 180 24 21
W 660 36 24 21
W 204 108 24 21
W 180 108 24 21
W 84 108 24 21
W 156 108 24 21
W 132 108 24 21
W 108 108 24 21
W 612 84 24 21
W 612 60 24 21
W 12 108 24 21
G 12 92 9 9
G 12 68 9 9
L 636 348 12 24
L 636 324 12 24
L 636 300 12 24
L 636 276 12 24
L 636 252 12 24
L 84 348 12 24
L 84 324 12 24
L 84 300 12 24
L 36 252 12 24
L 36 276 12 24
L 132 252 12 24
L 132 276 12 24
L 276 348 12 24
L 276 324 12 24
L 276 300 12 24
L 84 228 12 24
L 84 204 12 24
L 84 180 12 24
L 84 156 12 24
L 228 324 12 24
L 228 300 12 24
L 180 180 12 24
L 180 204 12 24
L 276 204 12 24
L 276 180 12 24
L 492 204 12 24
L 492 180 12 24
L 492 156 12 24
L 564 300 12 24
L 396 276 12 24
L 396 300 12 24
L 492 276 12 24
L 492 300 12 24
L 564 324 12 24
L 564 348 12 24
L 396 228 12 24
L 396 204 12 24
L 636 228 12 24
L 444 324 12 24
L 12 228 12 24
L 636 132 12 24
L 636 156 12 24
L 636 180 12 24
L 636 204 12 24
L 636 108 12 24
L 636 84 12 24
L 636 60 12 24
L 36 300 12 24
L 84 252 12 24
