840 480
P 12 444 12 24
B 132 220 24 3
B 156 220 24 3
B 180 220 24 3
B 204 220 24 3
B 228 220 24 3
B 252 220 24 3
B 276 220 24 3
B 300 220 24 3
B 324 220 24 3
B 468 148 24 3
B 492 148 24 3
B 516 148 24 3
B 540 148 24 3
B 564 148 24 3
B 588 148 24 3
B 612 148 24 3
B 636 148 24 3
B 660 148 24 3
B 684 148 24 3
B 708 148 24 3
B 732 148 24 3
B 756 148 24 3
E 468 108 12 24
W 12 468 24 21
W 108 468 24 21
W 84 468 24 21
W 60 468 24 21
W 36 468 24 21
W 132 468 24 21
W 156 468 24 21
W 180 204 24 21
W 204 204 24 21
W 228 204 24 21
W 252 204 24 21
W 276 204 24 21
W 300 204 24 21
W 300 348 24 21
W 324 348 24 21
W 348 348 24 21
W 372 348 24 21
W 396 348 24 21
W 420 348 24 21
W 444 348 24 21
W 468 348 24 21
W 492 348 24 21
W 180 468 24 21
W 204 468 24 21
W 228 468 24 21
W 252 468 24 21
W 276 468 24 21
W 300 468 24 21
W 324 468 24 21
W 348 468 24 21
W 372 468 24 21
W 396 468 24 21
W 420 468 24 21
W 444 468 24 21
W 468 468 24 21
W 492 468 24 21
W 516 468 24 21
W 540 468 24 21
W 564 468 24 21
W 588 468 24 21
W 612 468 24 21
W 636 468 24 21
W 660 468 24 21
W 684 468 24 21
W 708 468 24 21
W 732 468 24 21
W 756 468 24 21
W 780 468 24 21
W 804 468 24 21
W 828 468 24 21
W 516 132 24 21
W 540 132 24 21
W 564 132 24 21
W 588 132 24 21
W 612 132 24 21
W 636 132 24 21
W 660 132 24 21
W 684 132 24 21
W 708 132 24 21
W 732 132 24 21
W 756 132 24 21
W 516 348 24 21
W 540 348 24 21
W 156 204 24 21
W 132 204 24 21
W 276 348 24 21
W 252 348 24 21
W 492 132 24 21
W 468 132 24 21
W 324 204 24 21
W 660 276 24 21
W 684 276 24 21
W 708 276 24 21
W 732 276 24 21
W 756 276 24 21
G 132 188 9 9
G 468 332 9 9
G 756 452 9 9
G 84 452 9 9
G 372 452 9 9
L 108 444 12 24
L 108 420 12 24
L 108 396 12 24
L 108 372 12 24
L 108 348 12 24
L 108 324 12 24
L 108 300 12 24
L 108 276 12 24
L 108 252 12 24
L 108 228 12 24
L 564 348 12 24
L 564 372 12 24
L 564 396 12 24
L 564 420 12 24
L 564 444 12 24
L 444 156 12 24
L 444 180 12 24
L 444 204 12 24
L 444 228 12 24
L 444 252 12 24
L 444 276 12 24
L 444 300 12 24
L 444 324 12 24
L 444 132 12 24
L 108 204 12 24
L 780 132 12 24
L 780 156 12 24
L 780 180 12 24
L 780 204 12 24
L 780 228 12 24
L 780 252 12 24
L 780 276 12 24
L 780 300 12 24
L 780 324 12 24
L 780 348 12 24
L 780 372 12 24
L 780 396 12 24
L 780 420 12 24
L 780 444 12 24
