672 384
P 36 84 12 24
P 636 84 12 24
E 300 204 12 24
E 324 204 12 24
E 348 204 12 24
E 372 204 12 24
E 36 348 12 24
E 636 348 12 24
E 84 348 12 24
E 588 348 12 24
F 276 204 24 21
F 396 204 24 21
F 420 276 24 21
F 252 276 24 21
F 564 84 24 21
F 564 60 24 21
F 564 36 24 21
F 108 36 24 21
F 108 60 24 21
F 108 84 24 21
F 108 300 24 21
F 108 324 24 21
F 108 348 24 21
F 564 300 24 21
F 564 324 24 21
F 564 348 24 21
F 348 84 24 21
F 324 84 24 21
F 324 132 24 21
F 348 132 24 21
W 276 132 24 21
W 276 156 24 21
W 276 180 24 21
W 276 228 24 21
W 300 228 24 21
W 324 228 24 21
W 348 228 24 21
W 372 228 24 21
W 300 132 24 21
W 372 132 24 21
W 396 132 24 21
W 396 156 24 21
W 396 180 24 21
W 396 228 24 21
W 204 84 24 21
W 204 180 24 21
W 204 204 24 21
W 204 228 24 21
W 204 252 24 21
W 204 276 24 21
W 228 276 24 21
W 276 276 24 21
W 300 276 24 21
W 324 276 24 21
W 348 276 24 21
W 372 276 24 21
W 396 276 24 21
W 444 276 24 21
W 468 84 24 21
W 468 108 24 21
W 468 132 24 21
W 468 156 24 21
W 468 180 24 21
W 468 204 24 21
W 468 228 24 21
W 468 252 24 21
W 468 276 24 21
W 228 84 24 21
W 252 84 24 21
W 276 84 24 21
W 300 84 24 21
W 372 84 24 21
W 396 84 24 21
W 420 84 24 21
W 444 84 24 21
W 12 12 24 21
W 12 36 24 21
W 12 60 24 21
W 12 84 24 21
W 12 108 24 21
W 12 132 24 21
W 12 156 24 21
W 12 180 24 21
W 12 204 24 21
W 12 228 24 21
W 12 252 24 21
W 12 276 24 21
W 12 300 24 21
W 12 324 24 21
W 12 348 24 21
W 12 372 24 21
W 36 372 24 21
W 60 372 24 21
W 84 372 24 21
W 108 372 24 21
W 132 372 24 21
W 156 372 24 21
W 228 372 24 21
W 180 372 24 21
W 204 372 24 21
W 252 372 24 21
W 276 372 24 21
W 300 372 24 21
W 324 372 24 21
W 348 372 24 21
W 372 372 24 21
W 396 372 24 21
W 420 372 24 21
W 444 372 24 21
W 468 372 24 21
W 516 372 24 21
W 540 372 24 21
W 564 372 24 21
W 588 372 24 21
W 612 372 24 21
W 636 372 24 21
W 660 372 24 21
W 660 12 24 21
W 660 36 24 21
W 660 348 24 21
W 660 324 24 21
W 660 300 24 21
W 660 276 24 21
W 660 252 24 21
W 660 228 24 21
W 660 60 24 21
W 660 84 24 21
W 660 108 24 21
W 660 132 24 21
W 660 156 24 21
W 660 180 24 21
W 660 204 24 21
W 36 12 24 21
W 60 12 24 21
W 84 12 24 21
W 132 12 24 21
W 156 12 24 21
W 180 12 24 21
W 228 12 24 21
W 252 12 24 21
W 276 12 24 21
W 300 12 24 21
W 324 12 24 21
W 348 12 24 21
W 372 12 24 21
W 396 12 24 21
W 420 12 24 21
W 444 12 24 21
W 468 12 24 21
W 492 12 24 21
W 516 12 24 21
W 540 12 24 21
W 588 12 24 21
W 612 12 24 21
W 636 12 24 21
W 204 12 24 21
W 108 12 24 21
W 108 108 24 21
W 108 132 24 21
W 108 156 24 21
W 108 180 24 21
W 108 204 24 21
W 108 252 24 21
W 108 228 24 21
W 564 12 24 21
W 564 132 24 21
W 564 108 24 21
W 564 156 24 21
W 564 180 24 21
W 564 204 24 21
W 564 228 24 21
W 564 252 24 21
W 564 276 24 21
W 108 276 24 21
W 84 276 24 21
W 36 276 24 21
W 588 276 24 21
W 636 276 24 21
W 588 108 24 21
W 636 108 24 21
W 84 108 24 21
W 36 108 24 21
W 492 372 24 21
W 204 108 24 21
W 204 132 24 21
W 204 156 24 21
G 324 164 9 9
G 324 188 9 9
G 348 164 9 9
G 348 188 9 9
L 60 132 12 24
L 60 156 12 24
L 60 180 12 24
L 60 204 12 24
L 60 228 12 24
L 60 252 12 24
L 612 156 12 24
L 612 180 12 24
L 612 204 12 24
L 612 228 12 24
L 612 252 12 24
L 60 300 12 24
L 60 324 12 24
L 60 348 12 24
L 60 276 12 24
L 612 276 12 24
L 612 300 12 24
L 612 324 12 24
L 612 348 12 24
L 612 132 12 24
L 612 108 12 24
L 612 84 12 24
L 612 60 12 24
L 612 36 12 24
L 60 36 12 24
L 60 60 12 24
L 60 84 12 24
L 60 108 12 24
L 180 84 12 24
L 180 108 12 24
L 180 132 12 24
L 180 156 12 24
L 180 180 12 24
L 180 204 12 24
L 180 228 12 24
L 180 252 12 24
L 180 276 12 24
L 180 300 12 24
L 180 324 12 24
L 180 348 12 24
L 492 84 12 24
L 492 108 12 24
L 492 132 12 24
L 492 180 12 24
L 492 204 12 24
L 492 228 12 24
L 492 252 12 24
L 492 276 12 24
L 492 348 12 24
L 492 324 12 24
L 492 300 12 24
L 492 156 12 24
