672 384
P 36 300 12 24
B 36 268 24 3
B 60 268 24 3
B 84 268 24 3
B 108 268 24 3
B 132 268 24 3
B 156 268 24 3
B 180 268 24 3
B 204 268 24 3
B 228 268 24 3
B 252 268 24 3
B 276 268 24 3
B 300 268 24 3
B 324 268 24 3
B 348 268 24 3
B 372 268 24 3
B 396 268 24 3
B 420 268 24 3
B 444 268 24 3
B 468 268 24 3
B 492 268 24 3
B 516 268 24 3
E 84 348 12 24
E 12 348 12 24
E 156 348 12 24
E 228 348 12 24
E 300 348 12 24
E 372 348 12 24
E 444 348 12 24
E 516 348 12 24
E 636 348 12 24
F 564 348 24 21
F 540 348 24 21
F 540 324 24 21
F 564 324 24 21
F 36 228 24 21
F 60 228 24 21
F 84 228 24 21
F 108 228 24 21
F 132 228 24 21
F 156 228 24 21
F 180 228 24 21
F 204 228 24 21
F 444 228 24 21
F 468 228 24 21
F 492 228 24 21
F 516 228 24 21
F 540 228 24 21
F 564 228 24 21
F 12 228 24 21
F 420 228 24 21
F 396 228 24 21
F 372 228 24 21
F 348 228 24 21
F 324 228 24 21
F 300 228 24 21
F 276 228 24 21
F 252 228 24 21
F 228 228 24 21
W 12 372 24 21
W 36 372 24 21
W 60 372 24 21
W 84 372 24 21
W 108 372 24 21
W 660 372 24 21
W 612 372 24 21
W 132 372 24 21
W 588 372 24 21
W 156 372 24 21
W 180 372 24 21
W 204 372 24 21
W 228 372 24 21
W 252 372 24 21
W 276 372 24 21
W 492 372 24 21
W 516 372 24 21
W 540 372 24 21
W 564 372 24 21
W 468 372 24 21
W 36 348 24 21
W 60 348 24 21
W 108 348 24 21
W 132 348 24 21
W 612 348 24 21
W 660 348 24 21
W 324 372 24 21
W 348 372 24 21
W 372 372 24 21
W 396 372 24 21
W 420 372 24 21
W 444 372 24 21
W 612 300 24 21
W 612 324 24 21
W 660 276 24 21
W 660 300 24 21
W 660 324 24 21
W 612 108 24 21
W 612 132 24 21
W 612 156 24 21
W 612 180 24 21
W 612 204 24 21
W 612 228 24 21
W 612 252 24 21
W 612 276 24 21
W 660 108 24 21
W 660 132 24 21
W 660 156 24 21
W 660 180 24 21
W 660 204 24 21
W 660 228 24 21
W 660 252 24 21
W 492 348 24 21
W 468 348 24 21
W 420 348 24 21
W 396 348 24 21
W 348 348 24 21
W 204 348 24 21
W 516 324 24 21
W 492 324 24 21
W 468 324 24 21
W 444 324 24 21
W 420 324 24 21
W 396 324 24 21
W 372 324 24 21
W 348 324 24 21
W 324 324 24 21
W 324 348 24 21
W 252 348 24 21
W 300 324 24 21
W 276 324 24 21
W 252 324 24 21
W 228 324 24 21
W 204 324 24 21
W 180 324 24 21
W 156 324 24 21
W 108 324 24 21
W 84 324 24 21
W 60 324 24 21
W 36 324 24 21
W 12 324 24 21
W 132 324 24 21
W 300 372 24 21
W 180 348 24 21
W 276 348 24 21
W 12 204 24 21
W 36 204 24 21
W 60 204 24 21
W 84 204 24 21
W 108 204 24 21
W 132 204 24 21
W 156 204 24 21
W 180 204 24 21
W 204 204 24 21
W 228 204 24 21
W 324 204 24 21
W 348 204 24 21
W 372 204 24 21
W 396 204 24 21
W 420 204 24 21
W 444 204 24 21
W 468 204 24 21
W 492 204 24 21
W 516 204 24 21
W 540 204 24 21
W 564 204 24 21
W 36 252 24 21
W 60 252 24 21
W 84 252 24 21
W 108 252 24 21
W 132 252 24 21
W 156 252 24 21
W 180 252 24 21
W 204 252 24 21
W 228 252 24 21
W 252 252 24 21
W 276 252 24 21
W 300 252 24 21
W 324 252 24 21
W 348 252 24 21
W 372 252 24 21
W 396 252 24 21
W 420 252 24 21
W 444 252 24 21
W 468 252 24 21
W 492 252 24 21
W 516 252 24 21
W 540 252 24 21
W 564 252 24 21
W 252 204 24 21
W 276 204 24 21
W 300 204 24 21
W 636 372 24 21
G 636 140 9 9
G 636 164 9 9
G 636 188 9 9
G 636 212 9 9
G 636 236 9 9
G 636 260 9 9
G 636 284 9 9
G 636 308 9 9
G 636 116 9 9
L 588 324 12 24
L 588 300 12 24
L 588 276 12 24
L 588 252 12 24
L 588 228 12 24
L 588 204 12 24
L 588 180 12 24
L 588 156 12 24
L 588 132 12 24
L 588 108 12 24
L 588 348 12 24
L 12 252 12 24
L 12 276 12 24
L 12 300 12 24
